1088166 1759179135
1151272 1759179136
617126 1759179137
1289936 1759371032
1245993 1759371034
1242404 1759371035
993708 1759543504
1236470 1759803029
1264573 1760062324
1421990 1760148444
1492608 1760148445
1245347 1760494512
1319972 1760580861
604079 1760927031
1290159 1761116096
1517758 1761374945
997113 1761720914
997955 1762175829
760329 1762348712
1062722 1762348714
1255718 1762435086
1242419 1762693419
1054867 1762953575
1254808 1762953577
1098534 1763039958
1340117 1763405570
1400780 1763578299
1160360 1763578300
1241983 1763664878
639988 1764010502
1290369 1764123785
701387 1764123786
999075 1764209993
1283320 1764296356
1299655 1764382759
1069905 1764815150
1400382 1765074915
1218925 1765177162
812583 1765349901
1033148 1765349902
1352624 1765436371
1124566 1765695255
1001270 1765781988
1223601 1765977688
1516391 1766582319
1242898 1767552837
1400744 1767666838
1517130 1767926080
1287141 1768186506
1211442 1768271546
1208348 1768271547
1043197 1768271549
1221061 1768444443
1306400 1768963014
1220564 1769411024
1084242 1769497344
1368166 1770039964
1317288 1770039965
858024 1770039966
1140498 1770645424
1364904 1771269606
1272837 1771269607
1370814 1771786994
878608 1771961697
1263012 1772075965
1480382 1772075966
1257406 1772162215
1159206 1772162216
804370 1772247579
1260643 1772335983
1401281 1773026525
1119449 1773214156
1154538 1773647766
975335 1773647766
1198994 1774274362
1115544 1774755966
1322692 1774943596
1171145 1774943597
1326015 1775138738
1445363 1775416854
1429348 1775416855
1432605 1775705813
1432547 1776282631
1465563 1777231932
1327819 1777350271
1464883 1777522951
